(kicad_pcb (version 20171130) (host pcbnew 5.0.1)

  (general
    (thickness 1.6)
    (drawings 16)
    (tracks 9)
    (zones 0)
    (modules 57)
    (nets 35)
  )

  (page A4)
  (title_block
    (title "Xling PCB")
    (date 2018-11-02)
    (rev 0.2.0002)
    (company MCUSim)
  )

  (layers
    (0 F.Cu signal)
    (31 B.Cu signal)
    (32 B.Adhes user)
    (33 F.Adhes user)
    (34 B.Paste user)
    (35 F.Paste user)
    (36 B.SilkS user)
    (37 F.SilkS user)
    (38 B.Mask user)
    (39 F.Mask user)
    (40 Dwgs.User user)
    (41 Cmts.User user)
    (42 Eco1.User user)
    (43 Eco2.User user)
    (44 Edge.Cuts user)
    (45 Margin user)
    (46 B.CrtYd user)
    (47 F.CrtYd user)
    (48 B.Fab user hide)
    (49 F.Fab user hide)
  )

  (setup
    (last_trace_width 0.25)
    (trace_clearance 0.21)
    (zone_clearance 0.508)
    (zone_45_only no)
    (trace_min 0.25)
    (segment_width 0.1)
    (edge_width 0.2)
    (via_size 0.6)
    (via_drill 0.4)
    (via_min_size 0.6)
    (via_min_drill 0.3)
    (uvia_size 0.3)
    (uvia_drill 0.1)
    (uvias_allowed no)
    (uvia_min_size 0.2)
    (uvia_min_drill 0.1)
    (pcb_text_width 0.3)
    (pcb_text_size 1.5 1.5)
    (mod_edge_width 0.15)
    (mod_text_size 1 1)
    (mod_text_width 0.15)
    (pad_size 1.524 1.524)
    (pad_drill 0.762)
    (pad_to_mask_clearance 0.2)
    (solder_mask_min_width 0.1)
    (pad_to_paste_clearance_ratio -0.05)
    (aux_axis_origin 109.22 137.16)
    (visible_elements FFFFF77F)
    (pcbplotparams
      (layerselection 0x010fc_80000001)
      (usegerberextensions true)
      (usegerberattributes false)
      (usegerberadvancedattributes false)
      (creategerberjobfile false)
      (excludeedgelayer true)
      (linewidth 0.100000)
      (plotframeref false)
      (viasonmask false)
      (mode 1)
      (useauxorigin false)
      (hpglpennumber 1)
      (hpglpenspeed 20)
      (hpglpendiameter 15.000000)
      (psnegative false)
      (psa4output false)
      (plotreference true)
      (plotvalue false)
      (plotinvisibletext false)
      (padsonsilk false)
      (subtractmaskfromsilk false)
      (outputformat 1)
      (mirror false)
      (drillshape 0)
      (scaleselection 1)
      (outputdirectory "gerber/0.1.22/"))
  )

  (net 0 "")
  (net 1 +3V3)
  (net 2 GND)
  (net 3 "Net-(C3-Pad1)")
  (net 4 "Net-(C5-Pad1)")
  (net 5 "Net-(C6-Pad1)")
  (net 6 "Net-(C11-Pad1)")
  (net 7 "Net-(C13-Pad1)")
  (net 8 "Net-(C15-Pad1)")
  (net 9 /BTN1)
  (net 10 /BTN2)
  (net 11 /BTN3)
  (net 12 "Net-(D3-Pad2)")
  (net 13 /ISP_PDO_MISO)
  (net 14 /ISP_SCK)
  (net 15 /ISP_PDI_MOSI)
  (net 16 /ISP_RST)
  (net 17 /OLED_SDA)
  (net 18 /OLED_SCL)
  (net 19 "Net-(R14-Pad2)")
  (net 20 "Net-(R15-Pad2)")
  (net 21 "Net-(R16-Pad2)")
  (net 22 +12V)
  (net 23 "Net-(R2-Pad2)")
  (net 24 /BAT_STAT)
  (net 25 /OLED_PWR)
  (net 26 /OLED_RES)
  (net 27 /OLED_VCC)
  (net 28 "Net-(Q2-Pad1)")
  (net 29 /BAT_LVL)
  (net 30 "Net-(C1-Pad2)")
  (net 31 "Net-(L1-Pad1)")
  (net 32 "Net-(R3-Pad1)")
  (net 33 "Net-(R6-Pad1)")
  (net 34 "Net-(R13-Pad1)")

  (net_class Default "This is the default net class."
    (clearance 0.21)
    (trace_width 0.25)
    (via_dia 0.6)
    (via_drill 0.4)
    (uvia_dia 0.3)
    (uvia_drill 0.1)
    (add_net +12V)
    (add_net +3V3)
    (add_net /BAT_LVL)
    (add_net /BAT_STAT)
    (add_net /BTN1)
    (add_net /BTN2)
    (add_net /BTN3)
    (add_net /ISP_PDI_MOSI)
    (add_net /ISP_PDO_MISO)
    (add_net /ISP_RST)
    (add_net /ISP_SCK)
    (add_net /OLED_PWR)
    (add_net /OLED_RES)
    (add_net /OLED_SCL)
    (add_net /OLED_SDA)
    (add_net /OLED_VCC)
    (add_net GND)
    (add_net "Net-(C1-Pad2)")
    (add_net "Net-(C11-Pad1)")
    (add_net "Net-(C13-Pad1)")
    (add_net "Net-(C15-Pad1)")
    (add_net "Net-(C3-Pad1)")
    (add_net "Net-(C5-Pad1)")
    (add_net "Net-(C6-Pad1)")
    (add_net "Net-(D3-Pad2)")
    (add_net "Net-(L1-Pad1)")
    (add_net "Net-(Q2-Pad1)")
    (add_net "Net-(R13-Pad1)")
    (add_net "Net-(R14-Pad2)")
    (add_net "Net-(R15-Pad2)")
    (add_net "Net-(R16-Pad2)")
    (add_net "Net-(R2-Pad2)")
    (add_net "Net-(R3-Pad1)")
    (add_net "Net-(R6-Pad1)")
  )

  (module "Xling Footprints:IDC-Header_2x03_P2.54mm_Vertical" (layer B.Cu) (tedit 5BDDF676) (tstamp 5BF614D2)
    (at 151.56 102.79)
    (descr "Through hole straight IDC box header, 2x03, 2.54mm pitch, double rows")
    (tags "Through hole IDC box header THT 2x03 2.54mm double row")
    (path /5A00DAAC)
    (fp_text reference J5 (at 1.08 -11.05) (layer F.SilkS) hide
      (effects (font (size 1 1) (thickness 0.15)))
    )
    (fp_text value "AVR ISP" (at 1.28 -11.39) (layer F.SilkS)
      (effects (font (size 1 1) (thickness 0.15)))
    )
    (fp_line (start -3.41 5.35) (end 5.95 5.35) (layer B.CrtYd) (width 0.05))
    (fp_line (start -3.41 -10.43) (end -3.41 5.35) (layer B.CrtYd) (width 0.05))
    (fp_line (start 5.95 -10.43) (end -3.41 -10.43) (layer B.CrtYd) (width 0.05))
    (fp_line (start 5.95 5.35) (end 5.95 -10.43) (layer B.CrtYd) (width 0.05))
    (fp_line (start -3.155 -10.18) (end -2.605 -9.62) (layer B.Fab) (width 0.1))
    (fp_line (start -3.155 5.1) (end -2.605 4.56) (layer B.Fab) (width 0.1))
    (fp_line (start 5.695 -10.18) (end 5.145 -9.62) (layer B.Fab) (width 0.1))
    (fp_line (start 5.695 5.1) (end 5.145 4.56) (layer B.Fab) (width 0.1))
    (fp_line (start 5.145 -9.62) (end -2.605 -9.62) (layer B.Fab) (width 0.1))
    (fp_line (start 5.695 -10.18) (end -3.155 -10.18) (layer B.Fab) (width 0.1))
    (fp_line (start 5.145 4.56) (end -2.605 4.56) (layer B.Fab) (width 0.1))
    (fp_line (start 5.695 5.1) (end -3.155 5.1) (layer B.Fab) (width 0.1))
    (fp_line (start -2.605 -4.79) (end -3.155 -4.79) (layer B.Fab) (width 0.1))
    (fp_line (start -2.605 -0.29) (end -3.155 -0.29) (layer B.Fab) (width 0.1))
    (fp_line (start -2.605 -4.79) (end -2.605 -9.62) (layer B.Fab) (width 0.1))
    (fp_line (start -2.605 4.56) (end -2.605 -0.29) (layer B.Fab) (width 0.1))
    (fp_line (start -3.155 5.1) (end -3.155 -10.18) (layer B.Fab) (width 0.1))
    (fp_line (start 5.145 4.56) (end 5.145 -9.62) (layer B.Fab) (width 0.1))
    (fp_line (start 5.695 5.1) (end 5.695 -10.18) (layer B.Fab) (width 0.1))
    (fp_text user %R (at 1.27 -2.54) (layer B.Fab)
      (effects (font (size 1 1) (thickness 0.15)) (justify mirror))
    )
    (pad 6 thru_hole oval (at 2.54 -5.08) (size 1.7272 1.7272) (drill 1.016) (layers *.Cu *.Mask)
      (net 1 +3V3))
    (pad 5 thru_hole oval (at 0 -5.08) (size 1.7272 1.7272) (drill 1.016) (layers *.Cu *.Mask)
      (net 13 /ISP_PDO_MISO))
    (pad 4 thru_hole oval (at 2.54 -2.54) (size 1.7272 1.7272) (drill 1.016) (layers *.Cu *.Mask)
      (net 15 /ISP_PDI_MOSI))
    (pad 3 thru_hole oval (at 0 -2.54) (size 1.7272 1.7272) (drill 1.016) (layers *.Cu *.Mask)
      (net 14 /ISP_SCK))
    (pad 2 thru_hole oval (at 2.54 0) (size 1.7272 1.7272) (drill 1.016) (layers *.Cu *.Mask)
      (net 2 GND))
    (pad 1 thru_hole rect (at 0 0) (size 1.7272 1.7272) (drill 1.016) (layers *.Cu *.Mask)
      (net 16 /ISP_RST))
    (model ${KISYS3DMOD}/Connector_IDC.3dshapes/IDC-Header_2x03_P2.54mm_Vertical.wrl
      (offset (xyz 0 -5 -1.5))
      (scale (xyz 1 1 1))
      (rotate (xyz 180 0 0))
    )
  )

  (module "Xling Footprints:Crystal_HC49-SD_SMD" (layer F.Cu) (tedit 0) (tstamp 5AB0E771)
    (at 126.38 105.06 270)
    (descr "Crystal Quarz HC49-SD SMD")
    (tags "Crystal Quarz HC49-SD SMD")
    (path /5A0083D0)
    (attr smd)
    (fp_text reference Y1 (at -8.636 0) (layer F.SilkS)
      (effects (font (size 1 1) (thickness 0.15)))
    )
    (fp_text value 8MHz (at -0.02286 0 270) (layer F.Fab)
      (effects (font (size 1 1) (thickness 0.15)))
    )
    (fp_circle (center 0 0) (end 0.8509 0) (layer F.Adhes) (width 0.381))
    (fp_circle (center 0 0) (end 0.50038 0) (layer F.Adhes) (width 0.381))
    (fp_circle (center 0 0) (end 0.14986 0.0508) (layer F.Adhes) (width 0.381))
    (fp_line (start -5.84962 2.49936) (end 5.84962 2.49936) (layer F.SilkS) (width 0.15))
    (fp_line (start 5.84962 -2.49936) (end -5.84962 -2.49936) (layer F.SilkS) (width 0.15))
    (fp_line (start 5.84962 2.49936) (end 5.84962 1.651) (layer F.SilkS) (width 0.15))
    (fp_line (start 5.84962 -2.49936) (end 5.84962 -1.651) (layer F.SilkS) (width 0.15))
    (fp_line (start -5.84962 2.49936) (end -5.84962 1.651) (layer F.SilkS) (width 0.15))
    (fp_line (start -5.84962 -2.49936) (end -5.84962 -1.651) (layer F.SilkS) (width 0.15))
    (pad 1 smd rect (at -4.84886 0 270) (size 5.6007 2.10058) (layers F.Cu F.Paste F.Mask)
      (net 8 "Net-(C15-Pad1)"))
    (pad 2 smd rect (at 4.84886 0 270) (size 5.6007 2.10058) (layers F.Cu F.Paste F.Mask)
      (net 7 "Net-(C13-Pad1)"))
  )

  (module "Xling Footprints:TO-92_LT1109CZ" (layer F.Cu) (tedit 5AB42CB3) (tstamp 5BDDCA17)
    (at 154 87.8 180)
    (descr "TO-92 leads in-line, narrow, oval pads, drill 0.6mm (see NXP sot054_po.pdf)")
    (tags "to-92 sc-43 sc-43a sot54 PA33 transistor")
    (path /5A0ABBC5)
    (fp_text reference U1 (at 1.27 2.79 180) (layer F.SilkS)
      (effects (font (size 1 1) (thickness 0.15)))
    )
    (fp_text value LT1109CZ-12 (at 1.27 0 180) (layer F.Fab)
      (effects (font (size 1 1) (thickness 0.15)))
    )
    (fp_line (start -1.4 1.95) (end -1.4 -2.65) (layer F.CrtYd) (width 0.05))
    (fp_line (start -1.4 1.95) (end 3.95 1.95) (layer F.CrtYd) (width 0.05))
    (fp_line (start -0.43 1.7) (end 2.97 1.7) (layer F.SilkS) (width 0.15))
    (fp_arc (start 1.27 0) (end 1.27 -2.4) (angle -135) (layer F.SilkS) (width 0.15))
    (fp_arc (start 1.27 0) (end 1.27 -2.4) (angle 135) (layer F.SilkS) (width 0.15))
    (fp_line (start -1.4 -2.65) (end 3.95 -2.65) (layer F.CrtYd) (width 0.05))
    (fp_line (start 3.95 1.95) (end 3.95 -2.65) (layer F.CrtYd) (width 0.05))
    (pad 2 thru_hole oval (at 1.27 0) (size 0.89916 1.50114) (drill 0.6) (layers *.Cu *.Mask)
      (net 12 "Net-(D3-Pad2)"))
    (pad 1 thru_hole oval (at 2.54 0) (size 0.89916 1.50114) (drill 0.6) (layers *.Cu *.Mask)
      (net 2 GND))
    (pad 3 thru_hole oval (at 0 0) (size 0.89916 1.50114) (drill 0.6) (layers *.Cu *.Mask)
      (net 22 +12V))
    (model TO_SOT_Packages_THT.3dshapes/TO-92_Inline_Narrow_Oval.wrl
      (offset (xyz 1.269999980926514 0 0))
      (scale (xyz 1 1 1))
      (rotate (xyz 0 0 -90))
    )
  )

  (module "Xling Footprints:XF2M_24151AR100_SMD_1x24_Pitch_0.5mm" (layer F.Cu) (tedit 5A650F1E) (tstamp 5AB01BCD)
    (at 139.7 88.9 180)
    (path /5A09DE1E)
    (fp_text reference U3 (at 0 3.302 180) (layer F.SilkS)
      (effects (font (size 1 1) (thickness 0.15)))
    )
    (fp_text value DEP_128064I (at 0 -0.774 180) (layer F.Fab)
      (effects (font (size 1 1) (thickness 0.15)))
    )
    (fp_line (start 7.5 -3.8) (end 6.1 -3.8) (layer F.SilkS) (width 0.15))
    (fp_line (start 8.1 -3.2) (end 7.5 -3.8) (layer F.SilkS) (width 0.15))
    (fp_line (start 8.1 -0.2) (end 8.1 -3.2) (layer F.SilkS) (width 0.15))
    (fp_line (start -7.5 -3.7) (end -6.1 -3.7) (layer F.SilkS) (width 0.15))
    (fp_line (start -8.1 -3.1) (end -7.5 -3.7) (layer F.SilkS) (width 0.15))
    (fp_line (start -8.1 -0.2) (end -8.1 -3.1) (layer F.SilkS) (width 0.15))
    (fp_line (start 8.1 1.7) (end 8.1 2.2) (layer F.SilkS) (width 0.15))
    (fp_line (start -8.1 2.2) (end 8.1 2.2) (layer F.SilkS) (width 0.15))
    (fp_line (start -8.1 1.7) (end -8.1 2.2) (layer F.SilkS) (width 0.15))
    (fp_line (start 7.75 -3.1) (end 7.45 -3.4) (layer F.Fab) (width 0.15))
    (fp_line (start -7.75 -3.1) (end -7.45 -3.4) (layer F.Fab) (width 0.15))
    (fp_line (start 7.2 -2.9) (end 6 -2.9) (layer F.Fab) (width 0.15))
    (fp_line (start 7.2 -3.4) (end 7.2 -2.9) (layer F.Fab) (width 0.15))
    (fp_line (start 7.45 -3.4) (end 7.2 -3.4) (layer F.Fab) (width 0.15))
    (fp_line (start -7.2 -2.9) (end -6 -2.9) (layer F.Fab) (width 0.15))
    (fp_line (start -7.2 -3.4) (end -7.2 -2.9) (layer F.Fab) (width 0.15))
    (fp_line (start -7.45 -3.4) (end -7.2 -3.4) (layer F.Fab) (width 0.15))
    (fp_line (start 7.75 -0.1) (end 7.75 -3.1) (layer F.Fab) (width 0.15))
    (fp_line (start -7.75 -0.1) (end -7.75 -3.1) (layer F.Fab) (width 0.15))
    (fp_line (start 7.75 1.9) (end 7.75 1.6) (layer F.Fab) (width 0.15))
    (fp_line (start -7.75 1.9) (end -7.75 1.6) (layer F.Fab) (width 0.15))
    (fp_line (start 7.75 1.9) (end -7.75 1.9) (layer F.Fab) (width 0.15))
    (pad 3 smd rect (at -7.8 0.75 180) (size 2.5 1.5) (layers F.Cu F.Paste F.Mask)
      (net 2 GND))
    (pad 3 smd rect (at 7.8 0.75 180) (size 2.5 1.5) (layers F.Cu F.Paste F.Mask)
      (net 2 GND))
    (pad 24 smd rect (at -5.75 -3.35 180) (size 0.25 1.5) (layers F.Cu F.Paste F.Mask))
    (pad 23 smd rect (at -5.25 -3.35 180) (size 0.25 1.5) (layers F.Cu F.Paste F.Mask)
      (net 22 +12V))
    (pad 22 smd rect (at -4.75 -3.35 180) (size 0.25 1.5) (layers F.Cu F.Paste F.Mask)
      (net 6 "Net-(C11-Pad1)"))
    (pad 21 smd rect (at -4.25 -3.35 180) (size 0.25 1.5) (layers F.Cu F.Paste F.Mask)
      (net 23 "Net-(R2-Pad2)"))
    (pad 20 smd rect (at -3.75 -3.35 180) (size 0.25 1.5) (layers F.Cu F.Paste F.Mask)
      (net 2 GND))
    (pad 19 smd rect (at -3.25 -3.35 180) (size 0.25 1.5) (layers F.Cu F.Paste F.Mask)
      (net 2 GND))
    (pad 18 smd rect (at -2.75 -3.35 180) (size 0.25 1.5) (layers F.Cu F.Paste F.Mask)
      (net 2 GND))
    (pad 17 smd rect (at -2.25 -3.35 180) (size 0.25 1.5) (layers F.Cu F.Paste F.Mask)
      (net 2 GND))
    (pad 16 smd rect (at -1.75 -3.35 180) (size 0.25 1.5) (layers F.Cu F.Paste F.Mask)
      (net 2 GND))
    (pad 15 smd rect (at -1.25 -3.35 180) (size 0.25 1.5) (layers F.Cu F.Paste F.Mask)
      (net 17 /OLED_SDA))
    (pad 14 smd rect (at -0.75 -3.35 180) (size 0.25 1.5) (layers F.Cu F.Paste F.Mask)
      (net 17 /OLED_SDA))
    (pad 13 smd rect (at -0.25 -3.35 180) (size 0.25 1.5) (layers F.Cu F.Paste F.Mask)
      (net 18 /OLED_SCL))
    (pad 12 smd rect (at 0.25 -3.35 180) (size 0.25 1.5) (layers F.Cu F.Paste F.Mask)
      (net 2 GND))
    (pad 11 smd rect (at 0.75 -3.35 180) (size 0.25 1.5) (layers F.Cu F.Paste F.Mask)
      (net 2 GND))
    (pad 10 smd rect (at 1.25 -3.35 180) (size 0.25 1.5) (layers F.Cu F.Paste F.Mask)
      (net 1 +3V3))
    (pad 9 smd rect (at 1.75 -3.35 180) (size 0.25 1.5) (layers F.Cu F.Paste F.Mask)
      (net 26 /OLED_RES))
    (pad 8 smd rect (at 2.25 -3.35 180) (size 0.25 1.5) (layers F.Cu F.Paste F.Mask)
      (net 2 GND))
    (pad 7 smd rect (at 2.75 -3.35 180) (size 0.25 1.5) (layers F.Cu F.Paste F.Mask)
      (net 2 GND))
    (pad 6 smd rect (at 3.25 -3.35 180) (size 0.25 1.5) (layers F.Cu F.Paste F.Mask)
      (net 1 +3V3))
    (pad 5 smd rect (at 3.75 -3.35 180) (size 0.25 1.5) (layers F.Cu F.Paste F.Mask)
      (net 1 +3V3))
    (pad 4 smd rect (at 4.25 -3.35 180) (size 0.25 1.5) (layers F.Cu F.Paste F.Mask))
    (pad 3 smd rect (at 4.75 -3.35 180) (size 0.25 1.5) (layers F.Cu F.Paste F.Mask)
      (net 2 GND))
    (pad 2 smd rect (at 5.25 -3.35 180) (size 0.25 1.5) (layers F.Cu F.Paste F.Mask)
      (net 2 GND))
    (pad 1 smd rect (at 5.75 -3.35 180) (size 0.25 1.5) (layers F.Cu F.Paste F.Mask))
  )

  (module "Xling Footprints:SC-75_SOT-416" (layer F.Cu) (tedit 5AB38315) (tstamp 5B3E5AB5)
    (at 138.8 98.4)
    (path /5B3E89E3)
    (fp_text reference Q3 (at 0 -2.1 -180) (layer F.SilkS)
      (effects (font (size 1 1) (thickness 0.15)))
    )
    (fp_text value NTA4153N (at 0 1.7) (layer F.Fab) hide
      (effects (font (size 1 1) (thickness 0.15)))
    )
    (fp_line (start 1 -0.6) (end 1 0.2) (layer F.SilkS) (width 0.15))
    (fp_line (start -1 -0.6) (end -1 0.9) (layer F.SilkS) (width 0.15))
    (fp_line (start 0.4 -0.6) (end 1 -0.6) (layer F.SilkS) (width 0.15))
    (fp_line (start -0.4 -0.6) (end -1 -0.6) (layer F.SilkS) (width 0.15))
    (pad 3 smd rect (at 0 -0.648) (size 0.356 0.508) (layers F.Cu F.Paste F.Mask)
      (net 28 "Net-(Q2-Pad1)"))
    (pad 1 smd rect (at -0.5 0.647) (size 0.356 0.508) (layers F.Cu F.Paste F.Mask)
      (net 25 /OLED_PWR))
    (pad 2 smd rect (at 0.5 0.647) (size 0.356 0.508) (layers F.Cu F.Paste F.Mask)
      (net 2 GND))
  )

  (module "Xling Footprints:C_0805_2012Metric" (layer B.Cu) (tedit 5BDDF924) (tstamp 5BDCAFF4)
    (at 142.25 91.15 90)
    (descr "Capacitor SMD 0805 (2012 Metric), square (rectangular) end terminal, IPC_7351 nominal, (Body size source: https://docs.google.com/spreadsheets/d/1BsfQQcO9C6DZCsRaXUlFlo91Tg2WpOkGARC1WS5S8t0/edit?usp=sharing), generated with kicad-footprint-generator")
    (tags capacitor)
    (path /5B95A9C3)
    (attr smd)
    (fp_text reference C1 (at 0 1.65 90) (layer B.SilkS) hide
      (effects (font (size 1 1) (thickness 0.15)) (justify mirror))
    )
    (fp_text value 22pF (at 0 -1.65 90) (layer B.Fab)
      (effects (font (size 1 1) (thickness 0.15)) (justify mirror))
    )
    (fp_line (start -1 -0.6) (end -1 0.6) (layer B.Fab) (width 0.1))
    (fp_line (start -1 0.6) (end 1 0.6) (layer B.Fab) (width 0.1))
    (fp_line (start 1 0.6) (end 1 -0.6) (layer B.Fab) (width 0.1))
    (fp_line (start 1 -0.6) (end -1 -0.6) (layer B.Fab) (width 0.1))
    (fp_line (start -0.258578 0.71) (end 0.258578 0.71) (layer B.SilkS) (width 0.12))
    (fp_line (start -0.258578 -0.71) (end 0.258578 -0.71) (layer B.SilkS) (width 0.12))
    (fp_line (start -1.68 -0.95) (end -1.68 0.95) (layer B.CrtYd) (width 0.05))
    (fp_line (start -1.68 0.95) (end 1.68 0.95) (layer B.CrtYd) (width 0.05))
    (fp_line (start 1.68 0.95) (end 1.68 -0.95) (layer B.CrtYd) (width 0.05))
    (fp_line (start 1.68 -0.95) (end -1.68 -0.95) (layer B.CrtYd) (width 0.05))
    (fp_text user %R (at 0 0 90) (layer B.Fab)
      (effects (font (size 0.5 0.5) (thickness 0.08)) (justify mirror))
    )
    (pad 1 smd roundrect (at -0.9375 0 90) (size 0.975 1.4) (layers B.Cu B.Paste B.Mask) (roundrect_rratio 0.25)
      (net 1 +3V3))
    (pad 2 smd roundrect (at 0.9375 0 90) (size 0.975 1.4) (layers B.Cu B.Paste B.Mask) (roundrect_rratio 0.25)
      (net 30 "Net-(C1-Pad2)"))
    (model ${KISYS3DMOD}/Capacitor_SMD.3dshapes/C_0805_2012Metric.wrl
      (at (xyz 0 0 0))
      (scale (xyz 1 1 1))
      (rotate (xyz 0 0 0))
    )
  )

  (module "Xling Footprints:C_1206_3216Metric" (layer B.Cu) (tedit 5BDDF902) (tstamp 5BEA8B28)
    (at 134.2 91.75 270)
    (descr "Capacitor SMD 1206 (3216 Metric), square (rectangular) end terminal, IPC_7351 nominal, (Body size source: http://www.tortai-tech.com/upload/download/2011102023233369053.pdf), generated with kicad-footprint-generator")
    (tags capacitor)
    (path /5B984F9C)
    (attr smd)
    (fp_text reference C2 (at 0 1.82 270) (layer B.SilkS) hide
      (effects (font (size 1 1) (thickness 0.15)) (justify mirror))
    )
    (fp_text value 4.7uF (at 0 -1.82 270) (layer B.Fab)
      (effects (font (size 1 1) (thickness 0.15)) (justify mirror))
    )
    (fp_text user %R (at 0 0 270) (layer B.Fab)
      (effects (font (size 0.8 0.8) (thickness 0.12)) (justify mirror))
    )
    (fp_line (start 2.28 -1.12) (end -2.28 -1.12) (layer B.CrtYd) (width 0.05))
    (fp_line (start 2.28 1.12) (end 2.28 -1.12) (layer B.CrtYd) (width 0.05))
    (fp_line (start -2.28 1.12) (end 2.28 1.12) (layer B.CrtYd) (width 0.05))
    (fp_line (start -2.28 -1.12) (end -2.28 1.12) (layer B.CrtYd) (width 0.05))
    (fp_line (start -0.602064 -0.91) (end 0.602064 -0.91) (layer B.SilkS) (width 0.12))
    (fp_line (start -0.602064 0.91) (end 0.602064 0.91) (layer B.SilkS) (width 0.12))
    (fp_line (start 1.6 -0.8) (end -1.6 -0.8) (layer B.Fab) (width 0.1))
    (fp_line (start 1.6 0.8) (end 1.6 -0.8) (layer B.Fab) (width 0.1))
    (fp_line (start -1.6 0.8) (end 1.6 0.8) (layer B.Fab) (width 0.1))
    (fp_line (start -1.6 -0.8) (end -1.6 0.8) (layer B.Fab) (width 0.1))
    (pad 2 smd roundrect (at 1.4 0 270) (size 1.25 1.75) (layers B.Cu B.Paste B.Mask) (roundrect_rratio 0.2)
      (net 2 GND))
    (pad 1 smd roundrect (at -1.4 0 270) (size 1.25 1.75) (layers B.Cu B.Paste B.Mask) (roundrect_rratio 0.2)
      (net 1 +3V3))
    (model ${KISYS3DMOD}/Capacitor_SMD.3dshapes/C_1206_3216Metric.wrl
      (at (xyz 0 0 0))
      (scale (xyz 1 1 1))
      (rotate (xyz 0 0 0))
    )
  )

  (module "Xling Footprints:C_1206_3216Metric" (layer F.Cu) (tedit 5BDDF58D) (tstamp 5BDCB015)
    (at 129.75 116.15 90)
    (descr "Capacitor SMD 1206 (3216 Metric), square (rectangular) end terminal, IPC_7351 nominal, (Body size source: http://www.tortai-tech.com/upload/download/2011102023233369053.pdf), generated with kicad-footprint-generator")
    (tags capacitor)
    (path /5A657A90)
    (attr smd)
    (fp_text reference C3 (at 0 -1.82 90) (layer F.SilkS) hide
      (effects (font (size 1 1) (thickness 0.15)))
    )
    (fp_text value 4.7uF (at 0 1.82 90) (layer F.Fab)
      (effects (font (size 1 1) (thickness 0.15)))
    )
    (fp_line (start -1.6 0.8) (end -1.6 -0.8) (layer F.Fab) (width 0.1))
    (fp_line (start -1.6 -0.8) (end 1.6 -0.8) (layer F.Fab) (width 0.1))
    (fp_line (start 1.6 -0.8) (end 1.6 0.8) (layer F.Fab) (width 0.1))
    (fp_line (start 1.6 0.8) (end -1.6 0.8) (layer F.Fab) (width 0.1))
    (fp_line (start -0.602064 -0.91) (end 0.602064 -0.91) (layer F.SilkS) (width 0.12))
    (fp_line (start -0.602064 0.91) (end 0.602064 0.91) (layer F.SilkS) (width 0.12))
    (fp_line (start -2.28 1.12) (end -2.28 -1.12) (layer F.CrtYd) (width 0.05))
    (fp_line (start -2.28 -1.12) (end 2.28 -1.12) (layer F.CrtYd) (width 0.05))
    (fp_line (start 2.28 -1.12) (end 2.28 1.12) (layer F.CrtYd) (width 0.05))
    (fp_line (start 2.28 1.12) (end -2.28 1.12) (layer F.CrtYd) (width 0.05))
    (fp_text user %R (at 0 0 90) (layer F.Fab)
      (effects (font (size 0.8 0.8) (thickness 0.12)))
    )
    (pad 1 smd roundrect (at -1.4 0 90) (size 1.25 1.75) (layers F.Cu F.Paste F.Mask) (roundrect_rratio 0.2)
      (net 3 "Net-(C3-Pad1)"))
    (pad 2 smd roundrect (at 1.4 0 90) (size 1.25 1.75) (layers F.Cu F.Paste F.Mask) (roundrect_rratio 0.2)
      (net 2 GND))
    (model ${KISYS3DMOD}/Capacitor_SMD.3dshapes/C_1206_3216Metric.wrl
      (at (xyz 0 0 0))
      (scale (xyz 1 1 1))
      (rotate (xyz 0 0 0))
    )
  )

  (module "Xling Footprints:C_1206_3216Metric" (layer B.Cu) (tedit 5BDDFF20) (tstamp 5BDCB025)
    (at 129.05 118.364 270)
    (descr "Capacitor SMD 1206 (3216 Metric), square (rectangular) end terminal, IPC_7351 nominal, (Body size source: http://www.tortai-tech.com/upload/download/2011102023233369053.pdf), generated with kicad-footprint-generator")
    (tags capacitor)
    (path /59FF5F5A)
    (attr smd)
    (fp_text reference C5 (at 0 1.82 270) (layer B.SilkS) hide
      (effects (font (size 1 1) (thickness 0.15)) (justify mirror))
    )
    (fp_text value 4.7uF (at 0 -1.82 270) (layer B.Fab)
      (effects (font (size 1 1) (thickness 0.15)) (justify mirror))
    )
    (fp_line (start -1.6 -0.8) (end -1.6 0.8) (layer B.Fab) (width 0.1))
    (fp_line (start -1.6 0.8) (end 1.6 0.8) (layer B.Fab) (width 0.1))
    (fp_line (start 1.6 0.8) (end 1.6 -0.8) (layer B.Fab) (width 0.1))
    (fp_line (start 1.6 -0.8) (end -1.6 -0.8) (layer B.Fab) (width 0.1))
    (fp_line (start -0.602064 0.91) (end 0.602064 0.91) (layer B.SilkS) (width 0.12))
    (fp_line (start -0.602064 -0.91) (end 0.602064 -0.91) (layer B.SilkS) (width 0.12))
    (fp_line (start -2.28 -1.12) (end -2.28 1.12) (layer B.CrtYd) (width 0.05))
    (fp_line (start -2.28 1.12) (end 2.28 1.12) (layer B.CrtYd) (width 0.05))
    (fp_line (start 2.28 1.12) (end 2.28 -1.12) (layer B.CrtYd) (width 0.05))
    (fp_line (start 2.28 -1.12) (end -2.28 -1.12) (layer B.CrtYd) (width 0.05))
    (fp_text user %R (at 0 0 270) (layer B.Fab)
      (effects (font (size 0.8 0.8) (thickness 0.12)) (justify mirror))
    )
    (pad 1 smd roundrect (at -1.4 0 270) (size 1.25 1.75) (layers B.Cu B.Paste B.Mask) (roundrect_rratio 0.2)
      (net 4 "Net-(C5-Pad1)"))
    (pad 2 smd roundrect (at 1.4 0 270) (size 1.25 1.75) (layers B.Cu B.Paste B.Mask) (roundrect_rratio 0.2)
      (net 2 GND))
    (model ${KISYS3DMOD}/Capacitor_SMD.3dshapes/C_1206_3216Metric.wrl
      (at (xyz 0 0 0))
      (scale (xyz 1 1 1))
      (rotate (xyz 0 0 0))
    )
  )

  (module "Xling Footprints:C_1206_3216Metric" (layer B.Cu) (tedit 5BDDFF25) (tstamp 5BDCB035)
    (at 153.24 119.16 90)
    (descr "Capacitor SMD 1206 (3216 Metric), square (rectangular) end terminal, IPC_7351 nominal, (Body size source: http://www.tortai-tech.com/upload/download/2011102023233369053.pdf), generated with kicad-footprint-generator")
    (tags capacitor)
    (path /5A657DFD)
    (attr smd)
    (fp_text reference C6 (at 0 1.82 90) (layer B.SilkS) hide
      (effects (font (size 1 1) (thickness 0.15)) (justify mirror))
    )
    (fp_text value 4.7uF (at 0 -1.82 90) (layer B.Fab)
      (effects (font (size 1 1) (thickness 0.15)) (justify mirror))
    )
    (fp_text user %R (at 0 0 90) (layer B.Fab)
      (effects (font (size 0.8 0.8) (thickness 0.12)) (justify mirror))
    )
    (fp_line (start 2.28 -1.12) (end -2.28 -1.12) (layer B.CrtYd) (width 0.05))
    (fp_line (start 2.28 1.12) (end 2.28 -1.12) (layer B.CrtYd) (width 0.05))
    (fp_line (start -2.28 1.12) (end 2.28 1.12) (layer B.CrtYd) (width 0.05))
    (fp_line (start -2.28 -1.12) (end -2.28 1.12) (layer B.CrtYd) (width 0.05))
    (fp_line (start -0.602064 -0.91) (end 0.602064 -0.91) (layer B.SilkS) (width 0.12))
    (fp_line (start -0.602064 0.91) (end 0.602064 0.91) (layer B.SilkS) (width 0.12))
    (fp_line (start 1.6 -0.8) (end -1.6 -0.8) (layer B.Fab) (width 0.1))
    (fp_line (start 1.6 0.8) (end 1.6 -0.8) (layer B.Fab) (width 0.1))
    (fp_line (start -1.6 0.8) (end 1.6 0.8) (layer B.Fab) (width 0.1))
    (fp_line (start -1.6 -0.8) (end -1.6 0.8) (layer B.Fab) (width 0.1))
    (pad 2 smd roundrect (at 1.4 0 90) (size 1.25 1.75) (layers B.Cu B.Paste B.Mask) (roundrect_rratio 0.2)
      (net 2 GND))
    (pad 1 smd roundrect (at -1.4 0 90) (size 1.25 1.75) (layers B.Cu B.Paste B.Mask) (roundrect_rratio 0.2)
      (net 5 "Net-(C6-Pad1)"))
    (model ${KISYS3DMOD}/Capacitor_SMD.3dshapes/C_1206_3216Metric.wrl
      (at (xyz 0 0 0))
      (scale (xyz 1 1 1))
      (rotate (xyz 0 0 0))
    )
  )

  (module "Xling Footprints:C_0805_2012Metric" (layer F.Cu) (tedit 5BDDF555) (tstamp 5BDCC62B)
    (at 131 102 180)
    (descr "Capacitor SMD 0805 (2012 Metric), square (rectangular) end terminal, IPC_7351 nominal, (Body size source: https://docs.google.com/spreadsheets/d/1BsfQQcO9C6DZCsRaXUlFlo91Tg2WpOkGARC1WS5S8t0/edit?usp=sharing), generated with kicad-footprint-generator")
    (tags capacitor)
    (path /5A01213D)
    (attr smd)
    (fp_text reference C7 (at 0 -1.65 180) (layer F.SilkS) hide
      (effects (font (size 1 1) (thickness 0.15)))
    )
    (fp_text value 4.7nF (at 0 1.65 180) (layer F.Fab)
      (effects (font (size 1 1) (thickness 0.15)))
    )
    (fp_text user %R (at 0 0 180) (layer F.Fab)
      (effects (font (size 0.5 0.5) (thickness 0.08)))
    )
    (fp_line (start 1.68 0.95) (end -1.68 0.95) (layer F.CrtYd) (width 0.05))
    (fp_line (start 1.68 -0.95) (end 1.68 0.95) (layer F.CrtYd) (width 0.05))
    (fp_line (start -1.68 -0.95) (end 1.68 -0.95) (layer F.CrtYd) (width 0.05))
    (fp_line (start -1.68 0.95) (end -1.68 -0.95) (layer F.CrtYd) (width 0.05))
    (fp_line (start -0.258578 0.71) (end 0.258578 0.71) (layer F.SilkS) (width 0.12))
    (fp_line (start -0.258578 -0.71) (end 0.258578 -0.71) (layer F.SilkS) (width 0.12))
    (fp_line (start 1 0.6) (end -1 0.6) (layer F.Fab) (width 0.1))
    (fp_line (start 1 -0.6) (end 1 0.6) (layer F.Fab) (width 0.1))
    (fp_line (start -1 -0.6) (end 1 -0.6) (layer F.Fab) (width 0.1))
    (fp_line (start -1 0.6) (end -1 -0.6) (layer F.Fab) (width 0.1))
    (pad 2 smd roundrect (at 0.9375 0 180) (size 0.975 1.4) (layers F.Cu F.Paste F.Mask) (roundrect_rratio 0.25)
      (net 2 GND))
    (pad 1 smd roundrect (at -0.9375 0 180) (size 0.975 1.4) (layers F.Cu F.Paste F.Mask) (roundrect_rratio 0.25)
      (net 1 +3V3))
    (model ${KISYS3DMOD}/Capacitor_SMD.3dshapes/C_0805_2012Metric.wrl
      (at (xyz 0 0 0))
      (scale (xyz 1 1 1))
      (rotate (xyz 0 0 0))
    )
  )

  (module "Xling Footprints:C_0805_2012Metric" (layer F.Cu) (tedit 5BDDF551) (tstamp 5BDCB055)
    (at 131 104 180)
    (descr "Capacitor SMD 0805 (2012 Metric), square (rectangular) end terminal, IPC_7351 nominal, (Body size source: https://docs.google.com/spreadsheets/d/1BsfQQcO9C6DZCsRaXUlFlo91Tg2WpOkGARC1WS5S8t0/edit?usp=sharing), generated with kicad-footprint-generator")
    (tags capacitor)
    (path /5A00C900)
    (attr smd)
    (fp_text reference C8 (at 0 -1.65 180) (layer F.SilkS) hide
      (effects (font (size 1 1) (thickness 0.15)))
    )
    (fp_text value 100nF (at 0 1.65 180) (layer F.Fab)
      (effects (font (size 1 1) (thickness 0.15)))
    )
    (fp_text user %R (at 0 0 180) (layer F.Fab)
      (effects (font (size 0.5 0.5) (thickness 0.08)))
    )
    (fp_line (start 1.68 0.95) (end -1.68 0.95) (layer F.CrtYd) (width 0.05))
    (fp_line (start 1.68 -0.95) (end 1.68 0.95) (layer F.CrtYd) (width 0.05))
    (fp_line (start -1.68 -0.95) (end 1.68 -0.95) (layer F.CrtYd) (width 0.05))
    (fp_line (start -1.68 0.95) (end -1.68 -0.95) (layer F.CrtYd) (width 0.05))
    (fp_line (start -0.258578 0.71) (end 0.258578 0.71) (layer F.SilkS) (width 0.12))
    (fp_line (start -0.258578 -0.71) (end 0.258578 -0.71) (layer F.SilkS) (width 0.12))
    (fp_line (start 1 0.6) (end -1 0.6) (layer F.Fab) (width 0.1))
    (fp_line (start 1 -0.6) (end 1 0.6) (layer F.Fab) (width 0.1))
    (fp_line (start -1 -0.6) (end 1 -0.6) (layer F.Fab) (width 0.1))
    (fp_line (start -1 0.6) (end -1 -0.6) (layer F.Fab) (width 0.1))
    (pad 2 smd roundrect (at 0.9375 0 180) (size 0.975 1.4) (layers F.Cu F.Paste F.Mask) (roundrect_rratio 0.25)
      (net 2 GND))
    (pad 1 smd roundrect (at -0.9375 0 180) (size 0.975 1.4) (layers F.Cu F.Paste F.Mask) (roundrect_rratio 0.25)
      (net 1 +3V3))
    (model ${KISYS3DMOD}/Capacitor_SMD.3dshapes/C_0805_2012Metric.wrl
      (at (xyz 0 0 0))
      (scale (xyz 1 1 1))
      (rotate (xyz 0 0 0))
    )
  )

  (module "Xling Footprints:C_0805_2012Metric" (layer F.Cu) (tedit 5B36C52B) (tstamp 5BDCB065)
    (at 144.4 103.95 180)
    (descr "Capacitor SMD 0805 (2012 Metric), square (rectangular) end terminal, IPC_7351 nominal, (Body size source: https://docs.google.com/spreadsheets/d/1BsfQQcO9C6DZCsRaXUlFlo91Tg2WpOkGARC1WS5S8t0/edit?usp=sharing), generated with kicad-footprint-generator")
    (tags capacitor)
    (path /5AAFBAC6)
    (attr smd)
    (fp_text reference C9 (at 0 -1.65 180) (layer F.SilkS)
      (effects (font (size 1 1) (thickness 0.15)))
    )
    (fp_text value 1pF (at 0 1.65 180) (layer F.Fab)
      (effects (font (size 1 1) (thickness 0.15)))
    )
    (fp_line (start -1 0.6) (end -1 -0.6) (layer F.Fab) (width 0.1))
    (fp_line (start -1 -0.6) (end 1 -0.6) (layer F.Fab) (width 0.1))
    (fp_line (start 1 -0.6) (end 1 0.6) (layer F.Fab) (width 0.1))
    (fp_line (start 1 0.6) (end -1 0.6) (layer F.Fab) (width 0.1))
    (fp_line (start -0.258578 -0.71) (end 0.258578 -0.71) (layer F.SilkS) (width 0.12))
    (fp_line (start -0.258578 0.71) (end 0.258578 0.71) (layer F.SilkS) (width 0.12))
    (fp_line (start -1.68 0.95) (end -1.68 -0.95) (layer F.CrtYd) (width 0.05))
    (fp_line (start -1.68 -0.95) (end 1.68 -0.95) (layer F.CrtYd) (width 0.05))
    (fp_line (start 1.68 -0.95) (end 1.68 0.95) (layer F.CrtYd) (width 0.05))
    (fp_line (start 1.68 0.95) (end -1.68 0.95) (layer F.CrtYd) (width 0.05))
    (fp_text user %R (at 0 0 180) (layer F.Fab)
      (effects (font (size 0.5 0.5) (thickness 0.08)))
    )
    (pad 1 smd roundrect (at -0.9375 0 180) (size 0.975 1.4) (layers F.Cu F.Paste F.Mask) (roundrect_rratio 0.25)
      (net 27 /OLED_VCC))
    (pad 2 smd roundrect (at 0.9375 0 180) (size 0.975 1.4) (layers F.Cu F.Paste F.Mask) (roundrect_rratio 0.25)
      (net 2 GND))
    (model ${KISYS3DMOD}/Capacitor_SMD.3dshapes/C_0805_2012Metric.wrl
      (at (xyz 0 0 0))
      (scale (xyz 1 1 1))
      (rotate (xyz 0 0 0))
    )
  )

  (module "Xling Footprints:CP_EIA-6032-20_AVX-F" (layer F.Cu) (tedit 5B301BBE) (tstamp 5BEA6F12)
    (at 153 112.33)
    (descr "Tantalum Capacitor SMD AVX-F (6032-20 Metric), IPC_7351 nominal, (Body size from: http://www.kemet.com/Lists/ProductCatalog/Attachments/253/KEM_TC101_STD.pdf), generated with kicad-footprint-generator")
    (tags "capacitor tantalum")
    (path /5A0AC21A)
    (attr smd)
    (fp_text reference C10 (at 0 -2.55) (layer F.SilkS)
      (effects (font (size 1 1) (thickness 0.15)))
    )
    (fp_text value 33uF (at 0 2.55) (layer F.Fab)
      (effects (font (size 1 1) (thickness 0.15)))
    )
    (fp_line (start 3 -1.6) (end -2.2 -1.6) (layer F.Fab) (width 0.1))
    (fp_line (start -2.2 -1.6) (end -3 -0.8) (layer F.Fab) (width 0.1))
    (fp_line (start -3 -0.8) (end -3 1.6) (layer F.Fab) (width 0.1))
    (fp_line (start -3 1.6) (end 3 1.6) (layer F.Fab) (width 0.1))
    (fp_line (start 3 1.6) (end 3 -1.6) (layer F.Fab) (width 0.1))
    (fp_line (start 3 -1.71) (end -3.76 -1.71) (layer F.SilkS) (width 0.12))
    (fp_line (start -3.76 -1.71) (end -3.76 1.71) (layer F.SilkS) (width 0.12))
    (fp_line (start -3.76 1.71) (end 3 1.71) (layer F.SilkS) (width 0.12))
    (fp_line (start -3.75 1.85) (end -3.75 -1.85) (layer F.CrtYd) (width 0.05))
    (fp_line (start -3.75 -1.85) (end 3.75 -1.85) (layer F.CrtYd) (width 0.05))
    (fp_line (start 3.75 -1.85) (end 3.75 1.85) (layer F.CrtYd) (width 0.05))
    (fp_line (start 3.75 1.85) (end -3.75 1.85) (layer F.CrtYd) (width 0.05))
    (fp_text user %R (at 0 0) (layer F.Fab)
      (effects (font (size 1 1) (thickness 0.15)))
    )
    (pad 1 smd roundrect (at -2.4625 0) (size 2.075 2.35) (layers F.Cu F.Paste F.Mask) (roundrect_rratio 0.120482)
      (net 22 +12V))
    (pad 2 smd roundrect (at 2.4625 0) (size 2.075 2.35) (layers F.Cu F.Paste F.Mask) (roundrect_rratio 0.120482)
      (net 2 GND))
    (model ${KISYS3DMOD}/Capacitor_Tantalum_SMD.3dshapes/CP_EIA-6032-20_AVX-F.wrl
      (at (xyz 0 0 0))
      (scale (xyz 1 1 1))
      (rotate (xyz 0 0 0))
    )
  )

  (module "Xling Footprints:C_0603_1608Metric" (layer B.Cu) (tedit 5BDDF929) (tstamp 5BEA8D3B)
    (at 147.2 91.1 90)
    (descr "Capacitor SMD 0603 (1608 Metric), square (rectangular) end terminal, IPC_7351 nominal, (Body size source: http://www.tortai-tech.com/upload/download/2011102023233369053.pdf), generated with kicad-footprint-generator")
    (tags capacitor)
    (path /5A0C00CE)
    (attr smd)
    (fp_text reference C11 (at 0 1.43 90) (layer B.SilkS) hide
      (effects (font (size 1 1) (thickness 0.15)) (justify mirror))
    )
    (fp_text value 2.2uF (at 0 -1.43 90) (layer B.Fab)
      (effects (font (size 1 1) (thickness 0.15)) (justify mirror))
    )
    (fp_line (start -0.8 -0.4) (end -0.8 0.4) (layer B.Fab) (width 0.1))
    (fp_line (start -0.8 0.4) (end 0.8 0.4) (layer B.Fab) (width 0.1))
    (fp_line (start 0.8 0.4) (end 0.8 -0.4) (layer B.Fab) (width 0.1))
    (fp_line (start 0.8 -0.4) (end -0.8 -0.4) (layer B.Fab) (width 0.1))
    (fp_line (start -0.162779 0.51) (end 0.162779 0.51) (layer B.SilkS) (width 0.12))
    (fp_line (start -0.162779 -0.51) (end 0.162779 -0.51) (layer B.SilkS) (width 0.12))
    (fp_line (start -1.48 -0.73) (end -1.48 0.73) (layer B.CrtYd) (width 0.05))
    (fp_line (start -1.48 0.73) (end 1.48 0.73) (layer B.CrtYd) (width 0.05))
    (fp_line (start 1.48 0.73) (end 1.48 -0.73) (layer B.CrtYd) (width 0.05))
    (fp_line (start 1.48 -0.73) (end -1.48 -0.73) (layer B.CrtYd) (width 0.05))
    (fp_text user %R (at 0 0 90) (layer B.Fab)
      (effects (font (size 0.4 0.4) (thickness 0.06)) (justify mirror))
    )
    (pad 1 smd roundrect (at -0.7875 0 90) (size 0.875 0.95) (layers B.Cu B.Paste B.Mask) (roundrect_rratio 0.25)
      (net 6 "Net-(C11-Pad1)"))
    (pad 2 smd roundrect (at 0.7875 0 90) (size 0.875 0.95) (layers B.Cu B.Paste B.Mask) (roundrect_rratio 0.25)
      (net 2 GND))
    (model ${KISYS3DMOD}/Capacitor_SMD.3dshapes/C_0603_1608Metric.wrl
      (at (xyz 0 0 0))
      (scale (xyz 1 1 1))
      (rotate (xyz 0 0 0))
    )
  )

  (module "Xling Footprints:C_0805_2012Metric" (layer F.Cu) (tedit 5BDDF55B) (tstamp 5BF63111)
    (at 131.048 100 180)
    (descr "Capacitor SMD 0805 (2012 Metric), square (rectangular) end terminal, IPC_7351 nominal, (Body size source: https://docs.google.com/spreadsheets/d/1BsfQQcO9C6DZCsRaXUlFlo91Tg2WpOkGARC1WS5S8t0/edit?usp=sharing), generated with kicad-footprint-generator")
    (tags capacitor)
    (path /5A008587)
    (attr smd)
    (fp_text reference C13 (at 0 -1.65 180) (layer F.SilkS) hide
      (effects (font (size 1 1) (thickness 0.15)))
    )
    (fp_text value 22pF (at 0 1.65 180) (layer F.Fab)
      (effects (font (size 1 1) (thickness 0.15)))
    )
    (fp_text user %R (at 0 0 180) (layer F.Fab)
      (effects (font (size 0.5 0.5) (thickness 0.08)))
    )
    (fp_line (start 1.68 0.95) (end -1.68 0.95) (layer F.CrtYd) (width 0.05))
    (fp_line (start 1.68 -0.95) (end 1.68 0.95) (layer F.CrtYd) (width 0.05))
    (fp_line (start -1.68 -0.95) (end 1.68 -0.95) (layer F.CrtYd) (width 0.05))
    (fp_line (start -1.68 0.95) (end -1.68 -0.95) (layer F.CrtYd) (width 0.05))
    (fp_line (start -0.258578 0.71) (end 0.258578 0.71) (layer F.SilkS) (width 0.12))
    (fp_line (start -0.258578 -0.71) (end 0.258578 -0.71) (layer F.SilkS) (width 0.12))
    (fp_line (start 1 0.6) (end -1 0.6) (layer F.Fab) (width 0.1))
    (fp_line (start 1 -0.6) (end 1 0.6) (layer F.Fab) (width 0.1))
    (fp_line (start -1 -0.6) (end 1 -0.6) (layer F.Fab) (width 0.1))
    (fp_line (start -1 0.6) (end -1 -0.6) (layer F.Fab) (width 0.1))
    (pad 2 smd roundrect (at 0.9375 0 180) (size 0.975 1.4) (layers F.Cu F.Paste F.Mask) (roundrect_rratio 0.25)
      (net 2 GND))
    (pad 1 smd roundrect (at -0.9375 0 180) (size 0.975 1.4) (layers F.Cu F.Paste F.Mask) (roundrect_rratio 0.25)
      (net 7 "Net-(C13-Pad1)"))
    (model ${KISYS3DMOD}/Capacitor_SMD.3dshapes/C_0805_2012Metric.wrl
      (at (xyz 0 0 0))
      (scale (xyz 1 1 1))
      (rotate (xyz 0 0 0))
    )
  )

  (module "Xling Footprints:C_0805_2012Metric" (layer F.Cu) (tedit 5BDDF545) (tstamp 5BF60BC0)
    (at 131.064 98 180)
    (descr "Capacitor SMD 0805 (2012 Metric), square (rectangular) end terminal, IPC_7351 nominal, (Body size source: https://docs.google.com/spreadsheets/d/1BsfQQcO9C6DZCsRaXUlFlo91Tg2WpOkGARC1WS5S8t0/edit?usp=sharing), generated with kicad-footprint-generator")
    (tags capacitor)
    (path /5A00862C)
    (attr smd)
    (fp_text reference C15 (at 0 -1.65 180) (layer F.SilkS) hide
      (effects (font (size 1 1) (thickness 0.15)))
    )
    (fp_text value 22pF (at 0 1.65 180) (layer F.Fab)
      (effects (font (size 1 1) (thickness 0.15)))
    )
    (fp_line (start -1 0.6) (end -1 -0.6) (layer F.Fab) (width 0.1))
    (fp_line (start -1 -0.6) (end 1 -0.6) (layer F.Fab) (width 0.1))
    (fp_line (start 1 -0.6) (end 1 0.6) (layer F.Fab) (width 0.1))
    (fp_line (start 1 0.6) (end -1 0.6) (layer F.Fab) (width 0.1))
    (fp_line (start -0.258578 -0.71) (end 0.258578 -0.71) (layer F.SilkS) (width 0.12))
    (fp_line (start -0.258578 0.71) (end 0.258578 0.71) (layer F.SilkS) (width 0.12))
    (fp_line (start -1.68 0.95) (end -1.68 -0.95) (layer F.CrtYd) (width 0.05))
    (fp_line (start -1.68 -0.95) (end 1.68 -0.95) (layer F.CrtYd) (width 0.05))
    (fp_line (start 1.68 -0.95) (end 1.68 0.95) (layer F.CrtYd) (width 0.05))
    (fp_line (start 1.68 0.95) (end -1.68 0.95) (layer F.CrtYd) (width 0.05))
    (fp_text user %R (at 0 0 180) (layer F.Fab)
      (effects (font (size 0.5 0.5) (thickness 0.08)))
    )
    (pad 1 smd roundrect (at -0.9375 0 180) (size 0.975 1.4) (layers F.Cu F.Paste F.Mask) (roundrect_rratio 0.25)
      (net 8 "Net-(C15-Pad1)"))
    (pad 2 smd roundrect (at 0.9375 0 180) (size 0.975 1.4) (layers F.Cu F.Paste F.Mask) (roundrect_rratio 0.25)
      (net 2 GND))
    (model ${KISYS3DMOD}/Capacitor_SMD.3dshapes/C_0805_2012Metric.wrl
      (at (xyz 0 0 0))
      (scale (xyz 1 1 1))
      (rotate (xyz 0 0 0))
    )
  )

